0 0.4703125 0.07031250000000006 0.309375 0.07031250000000004 0.30937500000000007 0.7203125 0.4703125 0.7203125
0 0.321875 0.04218750000000003 0.196875 0.042187500000000024 0.19687500000000005 0.58125 0.3218750000000001 0.58125
0 0.30937500000000007 0.3734375 0.06718750000000004 0.3734375 0.06718750000000008 0.9484375 0.30937500000000007 0.9484375
3 0.40625 0.17343750000000005 0.35625 0.17343750000000005 0.35625 0.23281250000000003 0.40625 0.2328125000000001
3 0.2546875 0.13437500000000005 0.215625 0.13437500000000005 0.215625 0.16875000000000004 0.2546875 0.16875000000000004
3 0.20312500000000008 0.5875 0.1140625000000001 0.5875 0.1140625000000001 0.6359375 0.20312500000000008 0.6359375
1 0.6156250000000001 0.6984375 0.5359375 0.6984375 0.5359375000000001 0.8203125 0.6156250000000002 0.8203125
1 0.3828125000000001 0.46875 0.33281250000000007 0.46875 0.33281250000000007 0.5453125 0.3828125000000001 0.5453125
1 0.46875 0.421875 0.421875 0.421875 0.421875 0.503125 0.46875 0.503125
1 0.321875 0.240625 0.284375 0.240625 0.284375 0.296875 0.321875 0.296875
1 0.2593750000000001 0.3921875 0.21250000000000008 0.3921875 0.21250000000000008 0.45625 0.2593750000000001 0.45625
0 1 0.1750000000000001 0.6859375 0.1750000000000001 0.6859375000000001 0.8875 1 0.8875
1 0.7140625 0.7234375 0.6203125 0.7234375 0.6203125 0.828125 0.7140625000000002 0.828125