3 0.56875 0.2828125000000001 0.5140625 0.2828125000000001 0.5140625 0.3390625000000001 0.56875 0.3390625000000001
3 0.453125 0.3656250000000001 0.4140625 0.3656250000000001 0.4140625 0.4109375 0.453125 0.4109375
3 0.29531250000000003 0.3515625 0.2578125 0.3515625 0.25781250000000006 0.3921875 0.2953125000000001 0.3921875
3 0.9234375 0.4156250000000002 0.884375 0.4156250000000002 0.884375 0.4578125000000002 0.9234375 0.4578125000000002
2 0.45625 0.3343750000000001 0.40625 0.3343750000000001 0.40625 0.3703125000000001 0.45625 0.3703125000000001
2 0.5875 0.2609375000000001 0.50625 0.2609375000000001 0.50625 0.2984375000000001 0.5875 0.2984375000000001
2 0.925 0.3765625000000001 0.875 0.3765625000000001 0.875 0.4281250000000002 0.925 0.4281250000000002
2 0.15000000000000005 0.290625 0.09062500000000004 0.290625 0.09062500000000004 0.3609375 0.15000000000000005 0.3609375
1 0.515625 0.490625 0.440625 0.490625 0.440625 0.546875 0.515625 0.546875
1 0.5015625 0.5234375 0.459375 0.5234375 0.459375 0.615625 0.5015625 0.615625
1 0.9 0.4109375000000002 0.8765625 0.4109375000000002 0.8765625 0.4937500000000002 0.9 0.4937500000000002
1 0.9546875 0.4937500000000002 0.90625 0.4937500000000002 0.90625 0.5890625000000002 0.9546875 0.5890625000000002
1 0.3218750000000001 0.61875 0.26250000000000007 0.61875 0.26250000000000007 0.746875 0.3218750000000001 0.746875
1 0.1781250000000001 0.6203125 0.1468750000000001 0.6203125 0.1468750000000001 0.7078125 0.1781250000000001 0.7078125
0 0.16875000000000007 0.2671875 0.004687500000000034 0.2671875 0.0046875000000000675 0.821875 0.1687500000000001 0.821875
0 0.30312500000000003 0.3015625 0.14531250000000004 0.3015625 0.1453125000000001 0.9421875 0.3031250000000001 0.9421875
0 0.35625000000000007 0.2640625 0.23125 0.2640625 0.23125000000000004 0.840625 0.35625000000000007 0.840625
0 0.4781250000000001 0.24062500000000003 0.34375 0.240625 0.34375000000000006 0.9125 0.4781250000000002 0.9125
0 0.6046875 0.19843750000000007 0.471875 0.19843750000000004 0.4718750000000001 0.89375 0.6046875000000002 0.89375
0 0.815625 0.2968750000000001 0.7109375 0.2968750000000001 0.7109375000000001 0.8796875 0.815625 0.8796875
0 0.9703125 0.3593750000000001 0.8 0.3593750000000001 0.8 1 0.9703125 1