3 0.16250000000000003 0.390625 0.10937500000000004 0.390625 0.10937500000000004 0.4296875 0.16250000000000003 0.4296875
3 0.2484375000000001 0.475 0.2078125000000001 0.475 0.2078125000000001 0.51875 0.2484375000000001 0.51875
3 0.5703125 0.39531250000000007 0.534375 0.39531250000000007 0.534375 0.4265625 0.5703125 0.4265625
1 0.1375000000000001 0.63125 0.05156250000000007 0.63125 0.05156250000000008 0.690625 0.1375000000000001 0.690625
0 0.18750000000000006 0.296875 0.05312500000000005 0.296875 0.053125000000000075 0.9015625 0.18750000000000008 0.9015625
0 0.3000000000000001 0.384375 0.14843750000000006 0.384375 0.14843750000000008 0.95625 0.3000000000000001 0.95625
0 0.4234375000000001 0.37187500000000007 0.32500000000000007 0.371875 0.32500000000000007 0.8984375 0.4234375000000002 0.8984375
0 0.51875 0.3281250000000001 0.3859375 0.3281250000000001 0.38593750000000004 0.903125 0.5187500000000002 0.903125
0 0.5734375 0.3781250000000001 0.4921875 0.3781250000000001 0.4921875000000001 0.8515625 0.5734375000000002 0.8515625
0 0.6312500000000001 0.2890625000000001 0.50625 0.2890625000000001 0.5062500000000001 0.7921875 0.6312500000000002 0.7921875
0 0.7562500000000001 0.3125000000000001 0.6328125 0.3125000000000001 0.6328125000000001 0.9296875 0.7562500000000002 0.9296875
0 0.8953125 0.2921875000000001 0.78125 0.2921875000000001 0.7812500000000001 0.8984375 0.8953125 0.8984375
0 0.9703125 0.3156250000000001 0.8578125 0.3156250000000001 0.8578125 0.8796875 0.9703125 0.8796875