3 0.13750000000000004 0.4078125 0.09062500000000004 0.4078125 0.09062500000000005 0.4671875 0.13750000000000004 0.4671875
3 0.3031250000000001 0.4796875 0.27031250000000007 0.4796875 0.27031250000000007 0.540625 0.3031250000000001 0.540625
3 0.3734375000000001 0.496875 0.3343750000000001 0.496875 0.3343750000000001 0.5375 0.3734375000000001 0.5375
3 0.5046875 0.4 0.4578125 0.4 0.4578125 0.45 0.5046875 0.45
3 0.6359375 0.4296875 0.5859375 0.4296875 0.5859375 0.4671875 0.6359375 0.4671875
3 0.8 0.4203125000000002 0.7453125 0.4203125000000002 0.7453125 0.4671875000000002 0.8 0.4671875000000002
2 0.15625000000000006 0.3546875 0.06875000000000005 0.3546875 0.06875000000000005 0.4171875 0.15625000000000006 0.4171875
2 0.3109375000000001 0.453125 0.2578125000000001 0.453125 0.2578125000000001 0.5046875 0.3109375000000001 0.5046875
2 0.3859375000000001 0.4625 0.3265625000000001 0.4625 0.3265625000000001 0.5203125 0.3859375000000001 0.5203125
2 0.5109375 0.3531250000000001 0.4421875 0.3531250000000001 0.4421875 0.4296875 0.5109375 0.4296875
2 0.6328125 0.3906250000000001 0.584375 0.3906250000000001 0.584375 0.4359375 0.6328125 0.4359375
2 0.80625 0.3906250000000001 0.74375 0.3906250000000001 0.74375 0.4359375000000002 0.80625 0.4359375000000002
1 0.05156250000000009 0.6875 8.419446744138054e-17 0.6875 9.089175462421762e-17 0.796875 0.05156250000000009 0.796875
1 0.2312500000000001 0.640625 0.15625000000000008 0.640625 0.15625000000000008 0.7671875 0.2312500000000001 0.7671875
1 0.2984375000000001 0.6859375 0.20468750000000008 0.6859375 0.20468750000000008 0.778125 0.2984375000000001 0.778125
1 0.3734375000000001 0.646875 0.3046875000000001 0.646875 0.3046875000000001 0.7328125 0.3734375000000001 0.7328125
1 0.4421875 0.621875 0.3765625000000001 0.621875 0.3765625000000001 0.725 0.4421875 0.725
1 0.5578125 0.6078125 0.50625 0.6078125 0.50625 0.6796875 0.5578125 0.6796875
1 0.7078125 0.6046875 0.65 0.6046875 0.65 0.7171875 0.7078125 0.7171875
1 0.7375 0.6203125 0.684375 0.6203125 0.6843750000000001 0.7281250000000001 0.7375000000000002 0.7281250000000001
1 0.8625 0.6593750000000002 0.8125 0.6593750000000002 0.8125 0.7500000000000002 0.8625 0.7500000000000002
0 0.20625000000000004 0.2859375 0.025000000000000033 0.2859375 0.02500000000000007 0.9234375 0.2062500000000001 0.9234375
0 0.32812500000000006 0.315625 0.18750000000000006 0.315625 0.18750000000000006 0.8625 0.3281250000000001 0.8625
0 0.39531250000000007 0.35781250000000003 0.3078125 0.3578125 0.30781250000000004 0.840625 0.39531250000000007 0.840625
0 0.5484375000000001 0.3078125000000001 0.428125 0.3078125000000001 0.4281250000000001 0.853125 0.5484375000000001 0.853125
0 0.6828125 0.3312500000000001 0.534375 0.3312500000000001 0.534375 0.9609375 0.6828125000000002 0.9609375
0 0.8578125 0.3578125000000001 0.7046875 0.3578125000000001 0.7046875000000001 0.978125 0.8578125 0.978125