3 0.15937500000000007 0.40625 0.029687500000000044 0.40625 0.029687500000000054 0.559375 0.1593750000000001 0.559375
3 0.6328125 0.3343750000000001 0.5453125 0.3343750000000001 0.5453125 0.421875 0.6328125 0.421875
3 0.8234375 0.2578125000000001 0.775 0.2578125000000001 0.775 0.31718750000000007 0.8234375 0.31718750000000007
3 0.728125 0.3000000000000001 0.6890625 0.3000000000000001 0.6890625 0.3578125000000001 0.728125 0.3578125000000001
2 0.14843750000000006 0.3546875 0.017187500000000043 0.3546875 0.01718750000000005 0.440625 0.14843750000000006 0.440625
2 0.459375 0.353125 0.3484375 0.353125 0.34843750000000007 0.4296875 0.459375 0.4296875
2 0.53125 0.2687500000000001 0.4421875 0.2687500000000001 0.4421875 0.3531250000000001 0.53125 0.3531250000000001
2 0.6328125 0.2906250000000001 0.540625 0.2906250000000001 0.540625 0.37968750000000007 0.6328125 0.37968750000000007
2 0.7359375 0.27812500000000007 0.675 0.27812500000000007 0.675 0.3156250000000001 0.7359375 0.3156250000000001
1 0.3453125000000001 0.7453125 0.1906250000000001 0.7453125 0.1906250000000001 0.9421875 0.3453125000000001 0.9421875
1 0.43125 0.4078125 0.3281250000000001 0.4078125 0.3281250000000001 0.528125 0.43125 0.528125
1 0.6046875 0.5765625 0.503125 0.5765625 0.503125 0.734375 0.6046875000000002 0.734375
1 0.7546875 0.43437500000000007 0.696875 0.434375 0.696875 0.503125 0.7546875 0.5031250000000002
1 0.8390625 0.42187500000000017 0.771875 0.42187500000000017 0.771875 0.5187500000000002 0.8390625 0.5187500000000002
1 0.8953125 0.34843750000000007 0.846875 0.34843750000000007 0.846875 0.42968750000000017 0.8953125 0.42968750000000017
0 0.26562500000000006 0.203125 0.010937500000000025 0.203125 0.010937500000000072 0.978125 0.2656250000000001 0.978125
0 0.5000000000000001 0.19687500000000005 0.296875 0.19687500000000005 0.29687500000000006 0.778125 0.5000000000000002 0.778125
0 0.525 0.22031250000000008 0.4078125 0.22031250000000008 0.4078125 0.6015625 0.525 0.6015625
0 0.6578125 0.13750000000000007 0.528125 0.13750000000000004 0.528125 0.6390625 0.6578125 0.6390625
0 0.7015625 0.1546875000000001 0.596875 0.1546875000000001 0.596875 0.48125 0.7015625 0.48125
0 0.740625 0.21250000000000008 0.6703125 0.21250000000000008 0.6703125 0.4796875000000001 0.740625 0.47968750000000016
0 0.778125 0.17968750000000008 0.71875 0.17968750000000008 0.71875 0.4093750000000001 0.778125 0.40937500000000016
0 0.84375 0.1937500000000001 0.775 0.1937500000000001 0.775 0.46093750000000017 0.84375 0.46093750000000017
0 0.859375 0.1921875000000001 0.80625 0.1921875000000001 0.80625 0.36406250000000007 0.859375 0.36406250000000007
0 0.9984375 0.1984375000000001 0.875 0.1984375000000001 0.875 0.6375000000000002 0.9984375 0.6375000000000002