3 0.4765625 0.2750000000000001 0.4453125 0.2750000000000001 0.4453125 0.3312500000000001 0.4765625 0.3312500000000001
3 0.4203125 0.5109375 0.3578125000000001 0.5109375 0.3578125000000001 0.578125 0.4203125 0.578125
3 0.6890625000000001 0.65 0.603125 0.65 0.6031250000000001 0.765625 0.6890625000000001 0.765625
3 0.7515625000000001 0.7140625 0.7046875 0.7140625 0.7046875000000001 0.7984375000000001 0.7515625000000001 0.7984375000000001
3 0.19218750000000007 0.4984375 0.13281250000000006 0.4984375 0.13281250000000006 0.5609375 0.1921875000000001 0.5609375
3 0.5234375 0.2890625000000001 0.496875 0.2890625000000001 0.496875 0.3265625000000001 0.5234375 0.3265625000000001
1 0.23593750000000008 0.6453125 0.1781250000000001 0.6453125 0.1781250000000001 0.7078125 0.23593750000000008 0.7078125
1 0.3921875000000001 0.4109375 0.34843750000000007 0.4109375 0.34843750000000007 0.5 0.3921875000000001 0.5
1 0.5328125 0.5265625 0.471875 0.5265625 0.471875 0.659375 0.5328125 0.659375
1 0.4062500000000001 0.6484375 0.3656250000000001 0.6484375 0.3656250000000001 0.7359375 0.40625000000000017 0.7359375
1 0.3765625000000001 0.63125 0.2968750000000001 0.63125 0.2968750000000001 0.70625 0.3765625000000001 0.70625
0 0.2500000000000001 0.3875 0.09062500000000004 0.3875 0.09062500000000008 0.853125 0.2500000000000001 0.853125
0 0.11093750000000006 0.4453125 5.4535052774530576e-17 0.4453125 7.481826538540861e-17 0.7765625 0.11093750000000009 0.7765625
0 0.41875000000000007 0.6578125 0.18750000000000008 0.6578125 0.1875000000000001 1 0.4187500000000002 1
0 0.4843750000000001 0.40625 0.31718750000000007 0.40625 0.31718750000000007 1 0.48437500000000017 1
0 0.4890625 0.19843750000000004 0.4015625 0.19843750000000004 0.4015625 0.7109375 0.4890625 0.7109375
0 0.5703125 0.2328125000000001 0.4546875 0.2328125000000001 0.4546875 0.5890625 0.5703125 0.5890625
0 0.5906250000000001 0.4578125 0.4609375 0.4578125 0.4609375000000001 0.94375 0.5906250000000002 0.94375
0 0.68125 0.2171875000000001 0.5640625 0.2171875000000001 0.5640625 0.5671875 0.68125 0.5671875
0 0.7046875000000001 0.5203125 0.559375 0.5203125 0.5593750000000001 0.9984375 0.7046875000000001 0.9984375
0 0.7968750000000001 0.5687500000000001 0.6703125 0.56875 0.6703125000000001 0.959375 0.7968750000000002 0.959375
0 0.8953125 0.7125000000000001 0.796875 0.7125000000000001 0.7968750000000001 1 0.8953125 1
0 0.990625 0.4500000000000002 0.8765625 0.4500000000000002 0.8765625 0.9234375 0.990625 0.9234375
0 0.8546875 0.3421875000000001 0.746875 0.3421875000000001 0.746875 0.7093750000000002 0.8546875 0.7093750000000002
0 0.746875 0.3531250000000001 0.6375 0.3531250000000001 0.6375 0.6203125 0.746875 0.6203125000000002
0 0.7828125 0.2140625000000001 0.7046875 0.2140625000000001 0.7046875 0.4640625000000001 0.7828125 0.46406250000000016