3 0.2578125 0.16718750000000004 0.2 0.16718750000000004 0.2 0.2828125 0.2578125 0.2828125
3 0.5078125 0.10468750000000004 0.440625 0.10468750000000004 0.440625 0.2015625000000001 0.5078125 0.2015625000000001
3 0.6640625 0.2062500000000001 0.6140625 0.2062500000000001 0.6140625 0.29375000000000007 0.6640625 0.29375000000000007
3 0.846875 0.2000000000000001 0.7703125 0.2000000000000001 0.7703125 0.3000000000000001 0.846875 0.3000000000000001
1 0.18906250000000008 0.69375 0.10156250000000008 0.69375 0.10156250000000008 0.8734375 0.18906250000000008 0.8734375
1 0.3421875000000001 0.6359375 0.2921875000000001 0.6359375 0.2921875000000001 0.853125 0.3421875000000001 0.853125
1 0.3937500000000001 0.584375 0.3296875000000001 0.584375 0.3296875000000001 0.7671875 0.3937500000000001 0.7671875
1 0.6078125000000001 0.65 0.5171875 0.65 0.5171875000000001 0.8078125 0.6078125000000002 0.8078125
1 0.7453125 0.6531250000000001 0.6875 0.653125 0.6875000000000001 0.85625 0.7453125000000002 0.85625
1 0.9140625 0.7265625000000002 0.84375 0.7265625000000002 0.84375 0.8296875 0.9140625 0.8296875
0 0.35156250000000006 0.043750000000000025 0.1171875 0.04375000000000001 0.11718750000000007 0.9734375 0.3515625000000001 0.9734375
0 0.5531250000000001 0.015625000000000056 0.340625 0.015625000000000045 0.34062500000000007 0.99375 0.5531250000000002 0.99375
0 0.7109375000000001 0.04218750000000008 0.5765625 0.042187500000000065 0.5765625000000001 1 0.7109375000000002 1
0 0.93125 0.13125000000000012 0.7265625 0.1312500000000001 0.7265625000000001 0.9265625 0.93125 0.9265625