3 0.4171875 0.3781250000000001 0.3812500000000001 0.3781250000000001 0.3812500000000001 0.428125 0.4171875 0.428125
3 0.546875 0.3312500000000001 0.5125 0.3312500000000001 0.5125 0.3734375000000001 0.546875 0.3734375000000001
3 0.7046875 0.3046875000000001 0.6703125 0.3046875000000001 0.6703125 0.39531250000000007 0.7046875 0.39531250000000007
3 0.9578125 0.3062500000000001 0.8984375 0.3062500000000001 0.8984375 0.3515625000000001 0.9578125 0.3515625000000001
1 0.07187500000000001 0.026562500000000006 0.009375000000000003 0.0265625 0.009375000000000012 0.159375 0.07187500000000002 0.159375
1 0.4 4.487182412500848e-17 0.3328125 4.075777628412285e-17 0.3328125 0.09531250000000005 0.4 0.09531250000000005
1 0.4203125 0.22031250000000005 0.3578125 0.2203125 0.3578125 0.27968750000000003 0.4203125 0.2796875000000001
1 0.553125 0.16250000000000006 0.4921875 0.16250000000000003 0.4921875 0.24218750000000008 0.553125 0.24218750000000008
1 0.6609375 0.1375000000000001 0.625 0.1375000000000001 0.625 0.2140625000000001 0.6609375 0.2140625000000001
1 0.746875 0.10000000000000009 0.6890625 0.10000000000000009 0.6890625 0.17968750000000008 0.746875 0.17968750000000008
1 0.9640625 0.057812500000000114 0.871875 0.057812500000000114 0.871875 0.1281250000000001 0.9640625 0.12812500000000013
0 0.41875000000000007 2.71718508560819e-17 0.025 3.061616997868383e-18 0.02500000000000006 1 0.4187500000000002 1
0 0.4640625000000001 0.16562500000000005 0.3421875 0.16562500000000005 0.34218750000000003 0.91875 0.46406250000000016 0.91875
0 0.596875 0.11250000000000007 0.446875 0.11250000000000004 0.4468750000000001 0.9046875 0.5968750000000002 0.9046875
0 0.7421875000000001 0.06718750000000008 0.603125 0.06718750000000007 0.6031250000000001 0.9734375 0.7421875000000002 0.9734375
0 0.9796875 0.0640625000000001 0.846875 0.0640625000000001 0.846875 0.95625 0.9796875 0.95625