3 0.2546875 0.20625 0.15000000000000005 0.20625 0.15000000000000005 0.3296875 0.2546875 0.3296875
3 0.484375 0.17812500000000003 0.3921875 0.17812500000000003 0.3921875 0.2796875000000001 0.484375 0.2796875000000001
3 0.7984375 0.2765625000000001 0.7265625 0.2765625000000001 0.7265625 0.4203125000000002 0.7984375 0.4203125000000002
3 0.7703125 0.11562500000000009 0.7234375 0.11562500000000009 0.7234375 0.1828125000000001 0.7703125 0.1828125000000001
1 0.6703125000000001 0.49375 0.5984375 0.49375 0.5984375000000001 0.7625 0.6703125000000002 0.7625
1 0.7250000000000002 0.7765625 0.6421875000000001 0.7765625 0.6421875000000001 0.9703125 0.7250000000000002 0.9703125
1 0.971875 0.5625000000000002 0.93125 0.5625000000000002 0.93125 0.8390625 0.971875 0.8390625
1 0.3687500000000001 0.8453125 0.2812500000000001 0.8453125 0.2812500000000001 0.9859375 0.3687500000000001 0.9859375
1 0.09062500000000011 0.80625 0.0187500000000001 0.80625 0.01875000000000011 1 0.09062500000000014 1
0 0.32812500000000006 0.07031250000000003 0.017187500000000012 0.0703125 0.017187500000000067 0.9921875 0.3281250000000001 0.9921875
0 0.5937500000000001 0.015625000000000056 0.30625 0.015625000000000038 0.30625 1 0.5937500000000002 1
0 0.9859375 0.0484375000000001 0.65625 0.04843750000000008 0.6562500000000001 0.9984375 0.9859375 0.9984375