3 0.4015625 0.18593750000000003 0.34375 0.18593750000000003 0.34375 0.25312500000000004 0.4015625 0.2531250000000001
3 0.546875 0.16093750000000007 0.496875 0.16093750000000004 0.496875 0.2312500000000001 0.546875 0.2312500000000001
3 0.775 0.18750000000000008 0.728125 0.18750000000000008 0.728125 0.2453125000000001 0.775 0.2453125000000001
3 0.2359375 0.16250000000000003 0.184375 0.16250000000000003 0.184375 0.2328125 0.2359375 0.2328125
3 0.16562500000000002 0.159375 0.115625 0.159375 0.11562500000000002 0.2125 0.16562500000000005 0.2125
1 0.10312500000000005 0.3421875 0.035937500000000046 0.3421875 0.03593750000000005 0.425 0.10312500000000005 0.425
1 0.34062500000000007 0.4421875 0.24218750000000008 0.4421875 0.24218750000000008 0.625 0.34062500000000007 0.625
1 0.43125 0.39062500000000006 0.34062500000000007 0.390625 0.34062500000000007 0.5359375 0.43125 0.5359375
1 0.5703125 0.27031250000000007 0.48125 0.27031250000000007 0.48125 0.4328125 0.5703125 0.4328125
1 0.646875 0.4109375 0.61875 0.4109375 0.61875 0.55625 0.646875 0.55625
1 0.7984375 0.2171875000000001 0.715625 0.2171875000000001 0.715625 0.4296875000000001 0.7984375 0.42968750000000017
0 0.2828125 0.06250000000000003 0.02656250000000001 0.0625 0.026562500000000065 0.959375 0.2828125000000001 0.959375
0 0.4609375000000001 0.03281250000000004 0.2703125 0.032812500000000036 0.27031250000000007 0.978125 0.46093750000000017 0.978125
0 0.6171875000000001 0.050000000000000065 0.46875 0.050000000000000065 0.4687500000000001 0.9625 0.6171875000000002 0.9625
0 0.8203125 0.0640625000000001 0.6578125 0.06406250000000009 0.6578125000000001 1 0.8203125 1