3 0.3671875 0.20781250000000004 0.3234375 0.2078125 0.3234375 0.2515625 0.3671875 0.2515625000000001
3 0.4796875 0.2078125000000001 0.421875 0.2078125000000001 0.421875 0.2796875000000001 0.4796875 0.2796875000000001
3 0.5453125 0.15625000000000006 0.49375 0.15625000000000006 0.49375 0.2328125000000001 0.5453125 0.2328125000000001
3 0.6328125 0.17968750000000008 0.559375 0.17968750000000008 0.559375 0.27031250000000007 0.6328125 0.27031250000000007
3 0.7609375 0.1296875000000001 0.6953125 0.1296875000000001 0.6953125 0.1921875000000001 0.7609375 0.1921875000000001
3 0.18750000000000003 0.1296875 0.1375 0.1296875 0.1375 0.18281250000000002 0.18750000000000006 0.18281250000000004
3 0.3328125 0.12656250000000005 0.2640625 0.12656250000000005 0.2640625 0.18593750000000003 0.3328125 0.18593750000000003
2 0.1921875 0.10625000000000002 0.1265625 0.10625 0.1265625 0.15625000000000003 0.1921875 0.15625000000000006
2 0.471875 0.16406250000000006 0.4140625 0.16406250000000006 0.4140625 0.22031250000000008 0.471875 0.22031250000000008
2 0.38125 0.17500000000000004 0.2984375 0.17500000000000004 0.2984375 0.21875000000000006 0.38125 0.21875000000000008
2 0.640625 0.14843750000000008 0.553125 0.14843750000000008 0.553125 0.2062500000000001 0.640625 0.2062500000000001
2 0.753125 0.06562500000000009 0.6796875 0.06562500000000009 0.6796875 0.14218750000000008 0.753125 0.14218750000000008
1 0.16562500000000005 0.4171875 0.04062500000000006 0.4171875 0.040625000000000064 0.5328125 0.16562500000000005 0.5328125
1 0.25468750000000007 0.45 0.15625000000000006 0.45 0.15625000000000006 0.5078125 0.25468750000000007 0.5078125
1 0.3062500000000001 0.5734375 0.2468750000000001 0.5734375 0.2468750000000001 0.6890625 0.3062500000000001 0.6890625
1 0.4515625 0.58125 0.3750000000000001 0.58125 0.3750000000000001 0.6734375 0.4515625 0.6734375
1 0.5359375 0.5140625 0.478125 0.5140625 0.478125 0.628125 0.5359375 0.628125
1 0.703125 0.55 0.634375 0.55 0.634375 0.684375 0.703125 0.684375
1 0.809375 0.4593750000000002 0.7703125 0.4593750000000002 0.7703125 0.5781250000000002 0.809375 0.5781250000000002
0 0.23281250000000003 0.06875 0.046875000000000014 0.06875 0.04687500000000007 0.98125 0.2328125000000001 0.98125
0 0.33437500000000003 0.06875000000000003 0.234375 0.06875000000000002 0.23437500000000006 0.75625 0.3343750000000001 0.75625
0 0.42656250000000007 0.17968750000000006 0.2671875 0.17968750000000006 0.2671875 0.9625 0.4265625000000002 0.9625
0 0.4953125000000001 0.07656250000000006 0.3765625 0.07656250000000005 0.3765625 0.9796875 0.49531250000000016 0.9796875
0 0.5515625 0.050000000000000065 0.4625 0.050000000000000065 0.4625 0.5875 0.5515625 0.5875
0 0.6734375000000001 0.09687500000000007 0.5375 0.09687500000000007 0.5375000000000001 1 0.6734375000000001 1
0 0.8453125 0.020312500000000094 0.6625 0.020312500000000084 0.6625000000000001 1 0.8453125 1