3 0.478125 0.3203125000000001 0.4015625 0.3203125000000001 0.4015625 0.3906250000000001 0.478125 0.3906250000000001
3 0.36406250000000007 0.33281250000000007 0.275 0.3328125 0.275 0.41875 0.36406250000000007 0.41875
3 0.7671875 0.3531250000000001 0.6921875 0.3531250000000001 0.6921875 0.4375000000000001 0.7671875 0.43750000000000017
2 0.7671875 0.3140625000000001 0.690625 0.3140625000000001 0.690625 0.3984375000000001 0.7671875 0.3984375000000001
2 0.4828125 0.28593750000000007 0.4109375 0.28593750000000007 0.4109375 0.35625000000000007 0.4828125 0.35625000000000007
1 0.24375000000000008 0.490625 0.19531250000000006 0.490625 0.19531250000000006 0.5953125 0.24375000000000008 0.5953125
1 0.3140625000000001 0.490625 0.26250000000000007 0.490625 0.26250000000000007 0.6109375 0.3140625000000001 0.6109375
1 0.3781250000000001 0.471875 0.3390625000000001 0.471875 0.3390625000000001 0.6140625 0.3781250000000001 0.6140625
1 0.4328125 0.46875 0.3703125000000001 0.46875 0.3703125000000001 0.5390625 0.4328125 0.5390625
1 0.725 0.5359375 0.6546875 0.5359375 0.6546875 0.6328125 0.725 0.6328125
0 0.38281250000000006 0.21250000000000005 0.17031250000000003 0.2125 0.17031250000000006 0.771875 0.3828125000000001 0.771875
0 0.5125000000000001 0.19375000000000003 0.3359375 0.19375000000000003 0.33593750000000006 0.765625 0.5125000000000002 0.765625
0 0.825 0.2453125000000001 0.5953125 0.2453125000000001 0.5953125000000001 0.9078125 0.825 0.9078125