3 0.10312500000000005 0.3859375 0.05625000000000004 0.3859375 0.05625000000000004 0.4390625 0.10312500000000005 0.4390625
3 0.68125 0.3890625000000001 0.6234375 0.3890625000000001 0.6234375 0.4546875 0.68125 0.4546875
3 0.9828125 0.3703125000000001 0.9265625 0.3703125000000001 0.9265625 0.41718750000000016 0.9828125 0.41718750000000016
1 0.06406250000000008 0.5765625 0.025000000000000067 0.5765625 0.025000000000000078 0.7046875 0.06406250000000009 0.7046875
1 0.1703125000000001 0.625 0.09062500000000007 0.625 0.09062500000000008 0.6703125 0.1703125000000001 0.6703125
1 0.3156250000000001 0.7125 0.2390625000000001 0.7125 0.2390625000000001 0.7875 0.3156250000000001 0.7875
1 0.409375 0.5796875 0.3390625000000001 0.5796875 0.3390625000000001 0.7125 0.409375 0.7125
1 0.484375 0.590625 0.421875 0.590625 0.421875 0.696875 0.484375 0.696875
1 0.615625 0.5359375 0.5625 0.5359375 0.5625 0.7 0.615625 0.7
1 0.7328125 0.4937500000000001 0.678125 0.49375 0.678125 0.5718750000000001 0.7328125 0.5718750000000001
1 0.8953125 0.3859375000000001 0.8359375 0.3859375000000001 0.8359375 0.4703125000000002 0.8953125 0.4703125000000002
0 0.1984375000000001 0.2859375 3.501724441311963e-17 0.2859375 7.319178135529103e-17 0.909375 0.19843750000000013 0.909375
0 0.3687500000000001 0.478125 0.13593750000000004 0.478125 0.1359375000000001 0.9296875 0.3687500000000001 0.9296875
0 0.48125000000000007 0.29218750000000004 0.3171875 0.2921875 0.31718750000000007 0.9 0.4812500000000002 0.9
0 0.7765625 0.27031250000000007 0.559375 0.27031250000000007 0.5593750000000001 0.9046875 0.7765625000000002 0.9046875
0 1 0.3000000000000001 0.7515625 0.3000000000000001 0.7515625000000001 0.9140625 1 0.9140625