3 0.17031250000000003 0.2109375 0.12187500000000004 0.2109375 0.12187500000000004 0.26875 0.17031250000000003 0.26875
3 0.4640625 0.21093750000000008 0.409375 0.21093750000000008 0.409375 0.2656250000000001 0.4640625 0.2656250000000001
3 0.640625 0.1750000000000001 0.571875 0.1750000000000001 0.571875 0.2531250000000001 0.640625 0.2531250000000001
3 0.9140625 0.19375000000000012 0.85 0.1937500000000001 0.85 0.2734375000000001 0.9140625 0.2734375000000001
1 0.14687500000000006 0.4078125 0.03906250000000004 0.4078125 0.039062500000000056 0.5453125 0.1468750000000001 0.5453125
1 0.2953125000000001 0.4703125 0.2062500000000001 0.4703125 0.2062500000000001 0.6375 0.2953125000000001 0.6375
1 0.4078125 0.37968750000000007 0.3265625000000001 0.3796875 0.3265625000000001 0.5 0.4078125 0.5
1 0.478125 0.415625 0.428125 0.415625 0.428125 0.5484375 0.478125 0.5484375
1 0.6984375 0.34062500000000007 0.6015625 0.34062500000000007 0.6015625 0.4859375 0.6984375 0.4859375
1 0.8234375 0.5031250000000002 0.759375 0.5031250000000002 0.759375 0.7078125000000002 0.8234375 0.7078125000000002
1 0.9546875 0.32500000000000007 0.878125 0.32500000000000007 0.878125 0.4078125000000002 0.9546875 0.4078125000000002
0 0.28593750000000007 0.07500000000000002 9.184850993605149e-18 0.075 6.505936120470315e-17 0.9875 0.28593750000000007 0.9875
0 0.5046875000000001 0.04843750000000005 0.309375 0.048437500000000036 0.30937500000000007 0.9984375 0.5046875000000002 0.9984375
0 0.6703125000000001 0.07812500000000008 0.49375 0.07812500000000007 0.4937500000000001 0.9984375 0.6703125000000002 0.9984375
0 0.9859375 0.0875000000000001 0.7671875 0.08750000000000009 0.7671875000000001 0.996875 0.9859375 0.996875