3 0.08750000000000002 0.1734375 0.04843750000000002 0.1734375 0.04843750000000002 0.209375 0.08750000000000002 0.209375
3 0.11250000000000002 0.1734375 0.08750000000000002 0.1734375 0.08750000000000002 0.196875 0.11250000000000004 0.196875
3 0.17031250000000003 0.1578125 0.128125 0.1578125 0.12812500000000002 0.2 0.17031250000000003 0.2
3 0.2484375 0.16093750000000004 0.203125 0.16093750000000004 0.203125 0.20625 0.2484375 0.20625
3 0.3328125 0.14375000000000004 0.2765625 0.14375000000000004 0.2765625 0.203125 0.3328125 0.203125
3 0.428125 0.11250000000000004 0.3828125 0.11250000000000004 0.3828125 0.15468750000000003 0.428125 0.15468750000000003
3 0.5515625 0.17656250000000007 0.4890625 0.17656250000000004 0.4890625 0.2390625000000001 0.5515625 0.2390625000000001
3 0.659375 0.17187500000000008 0.6125 0.17187500000000008 0.6125 0.2500000000000001 0.659375 0.2500000000000001
3 0.74375 0.1437500000000001 0.690625 0.1437500000000001 0.690625 0.1984375000000001 0.74375 0.1984375000000001
3 0.89375 0.1312500000000001 0.8203125 0.1312500000000001 0.8203125 0.2328125000000001 0.89375 0.2328125000000001
1 0.903125 0.5609375000000002 0.8234375 0.5609375000000002 0.8234375 0.6781250000000002 0.903125 0.6781250000000002
1 0.8109375 0.5140625000000002 0.7578125 0.5140625000000002 0.7578125 0.6281250000000002 0.8109375 0.6281250000000002
1 0.6875 0.5234375 0.6234375 0.5234375 0.6234375 0.6234375 0.6875 0.6234375
1 0.5953125 0.496875 0.55 0.496875 0.55 0.5890625 0.5953125 0.5890625
1 0.5796875 0.44375 0.5046875 0.44375 0.5046875 0.5359375 0.5796875 0.5359375
1 0.49375 0.425 0.4140625 0.425 0.4140625 0.515625 0.49375 0.515625
1 0.403125 0.37500000000000006 0.3390625000000001 0.375 0.3390625000000001 0.453125 0.403125 0.453125
1 0.3062500000000001 0.3953125 0.23593750000000008 0.3953125 0.23593750000000008 0.465625 0.3062500000000001 0.465625
1 0.20937500000000003 0.3265625 0.17656250000000004 0.3265625 0.17656250000000004 0.44375 0.2093750000000001 0.44375
1 0.15156250000000004 0.3703125 0.11562500000000005 0.3703125 0.11562500000000005 0.425 0.15156250000000004 0.425
0 0.990625 0.0500000000000001 0.7859375 0.050000000000000086 0.7859375000000001 0.9859375 0.990625 0.9859375
0 0.8328125 0.028125000000000087 0.6734375 0.028125000000000077 0.6734375000000001 0.90625 0.8328125 0.90625
0 0.6984375 0.06875000000000007 0.559375 0.06875000000000006 0.5593750000000001 0.790625 0.6984375000000002 0.790625
0 0.596875 0.004687500000000065 0.4546875 0.004687500000000055 0.4546875000000001 0.7796875 0.5968750000000002 0.7796875
0 0.48125000000000007 0.04531250000000005 0.3671875 0.04531250000000005 0.36718750000000006 0.828125 0.4812500000000002 0.828125
0 0.4140625000000001 0.06875000000000003 0.2640625 0.06875000000000002 0.26406250000000003 0.7359375 0.41406250000000017 0.7359375
0 0.32500000000000007 0.07343750000000003 0.1734375 0.07343750000000002 0.17343750000000005 0.71875 0.32500000000000007 0.71875
0 0.2515625 0.08125000000000002 0.1234375 0.08125000000000002 0.12343750000000005 0.653125 0.2515625000000001 0.653125
0 0.15312500000000004 0.07968750000000001 0.08125 0.0796875 0.08125000000000003 0.590625 0.1531250000000001 0.590625
0 0.09843750000000004 0.0765625 0.031250000000000014 0.0765625 0.03125000000000004 0.603125 0.09843750000000007 0.603125