3 0.5140625 0.2875000000000001 0.459375 0.2875000000000001 0.459375 0.37187500000000007 0.5140625 0.37187500000000007
3 0.6515625 0.2531250000000001 0.61875 0.2531250000000001 0.61875 0.3281250000000001 0.6515625 0.3281250000000001
3 0.2140625 0.2921875 0.17656250000000004 0.2921875 0.17656250000000004 0.3453125 0.2140625 0.3453125
3 0.06718750000000004 0.24375 0.029687500000000033 0.24375 0.029687500000000033 0.29375 0.06718750000000004 0.29375
3 0.13437500000000005 0.1984375 0.10781250000000005 0.1984375 0.10781250000000005 0.240625 0.13437500000000005 0.240625
3 0.16093750000000004 0.23125 0.14062500000000006 0.23125 0.14062500000000006 0.25625 0.16093750000000004 0.25625
3 0.746875 0.2812500000000001 0.725 0.2812500000000001 0.725 0.3125000000000001 0.746875 0.3125000000000001
3 0.6984375 0.2515625000000001 0.684375 0.2515625000000001 0.684375 0.2812500000000001 0.6984375 0.2812500000000001
3 0.85625 0.3203125000000001 0.828125 0.3203125000000001 0.828125 0.3750000000000001 0.85625 0.3750000000000001
3 0.978125 0.4265625000000002 0.9375 0.4265625000000002 0.9375 0.5109375000000002 0.978125 0.5109375000000002
3 0.446875 0.21093750000000008 0.4078125 0.21093750000000008 0.4078125 0.2531250000000001 0.446875 0.2531250000000001
0 0.28593750000000007 0.2171875 0.09218750000000002 0.2171875 0.09218750000000007 0.9984375 0.28593750000000007 0.9984375
0 0.7109375000000001 0.1687500000000001 0.5484375 0.1687500000000001 0.5484375000000001 0.953125 0.7109375000000002 0.953125