3 0.2640625 0.21875 0.2125 0.21875 0.2125 0.2921875 0.2640625 0.2921875
3 0.325 0.2890625 0.2859375 0.2890625 0.2859375 0.3578125 0.325 0.3578125
3 0.39375000000000004 0.34218750000000003 0.359375 0.3421875 0.35937500000000006 0.39687500000000003 0.3937500000000001 0.3968750000000001
3 0.43125 0.3890625000000001 0.4109375 0.3890625000000001 0.4109375 0.4296875 0.43125 0.4296875
3 0.49375 0.3968750000000001 0.4703125 0.3968750000000001 0.4703125 0.4296875 0.49375 0.4296875
3 0.5484375 0.51875 0.5078125 0.51875 0.5078125 0.5578125 0.5484375 0.5578125
3 0.55 0.4015625 0.521875 0.4015625 0.521875 0.4390625 0.55 0.4390625
3 0.5984375 0.4015625 0.5734375 0.4015625 0.5734375 0.4390625 0.5984375 0.4390625
3 0.6265625 0.3984375000000001 0.6046875 0.3984375000000001 0.6046875 0.4359375 0.6265625 0.4359375
3 0.675 0.3515625000000001 0.6421875 0.3515625000000001 0.6421875 0.409375 0.675 0.409375
3 0.7421875 0.23593750000000008 0.703125 0.23593750000000008 0.703125 0.3046875000000001 0.7421875 0.3046875000000001
3 0.796875 0.12343750000000009 0.7453125 0.12343750000000009 0.7453125 0.2218750000000001 0.796875 0.2218750000000001
1 0.5328125 0.5890625 0.5046875 0.5890625 0.5046875 0.65625 0.5328125 0.65625
1 0.5531250000000001 0.7 0.5296875 0.7 0.5296875000000001 0.753125 0.5531250000000002 0.753125
1 0.984375 0.5765625000000002 0.903125 0.5765625000000002 0.903125 0.7734375000000002 0.984375 0.7734375000000002
1 0.7203125 0.3656250000000001 0.6828125 0.3656250000000001 0.6828125 0.4796875 0.7203125 0.4796875
1 0.4796875 0.440625 0.4328125 0.440625 0.4328125 0.5171875 0.4796875 0.5171875
1 0.3296875000000001 0.4234375 0.2921875000000001 0.4234375 0.2921875000000001 0.528125 0.3296875000000001 0.528125
1 0.1609375000000001 0.66875 0.08593750000000008 0.66875 0.08593750000000008 0.778125 0.1609375000000001 0.778125
1 0.3234375000000001 0.4234375 0.29375000000000007 0.4234375 0.29375000000000007 0.528125 0.3234375000000001 0.528125
1 0.3578125000000001 0.4140625 0.3187500000000001 0.4140625 0.3187500000000001 0.5109375 0.3578125000000001 0.5109375
1 0.4046875 0.4609375 0.3781250000000001 0.4609375 0.3781250000000001 0.5328125 0.4046875 0.5328125
1 0.46875 0.471875 0.43125 0.471875 0.43125 0.525 0.46875 0.525
1 0.4796875 0.4375 0.45625 0.4375 0.45625 0.5015625 0.4796875 0.5015625
1 0.5984375 0.465625 0.571875 0.465625 0.571875 0.5390625 0.5984375 0.5390625
1 0.6265625 0.4828125 0.60625 0.4828125 0.60625 0.5515625 0.6265625 0.5515625
1 0.5640625 0.4515625 0.5484375 0.4515625 0.5484375 0.48125 0.5640625 0.48125
1 0.534375 0.4421875 0.5078125 0.4421875 0.5078125 0.4875 0.534375 0.4875
0 1 0.05468750000000011 0.715625 0.05468750000000009 0.7156250000000001 0.990625 1 0.990625
0 0.28593750000000007 0.12812500000000002 0.012500000000000016 0.128125 0.01250000000000007 1 0.28593750000000007 1
0 0.34375000000000006 0.221875 0.228125 0.221875 0.22812500000000005 1 0.3437500000000001 1
0 0.4062500000000001 0.28125000000000006 0.3359375 0.28125 0.33593750000000006 0.9921875 0.40625000000000017 0.9921875
0 0.44218750000000007 0.3140625000000001 0.3953125 0.3140625000000001 0.39531250000000007 0.9 0.4421875000000002 0.9
0 0.5046875000000001 0.3515625000000001 0.4359375 0.3515625000000001 0.4359375000000001 0.8828125 0.5046875000000002 0.8828125
0 0.5984375000000001 0.3609375000000001 0.55625 0.3609375000000001 0.5562500000000001 0.9046875 0.5984375000000002 0.9046875
0 0.6390625000000001 0.3515625000000001 0.590625 0.3515625000000001 0.5906250000000001 0.9265625 0.6390625000000002 0.9265625
0 0.70625 0.3031250000000001 0.6328125 0.3031250000000001 0.6328125000000001 0.978125 0.7062500000000002 0.978125
0 0.8015625 0.1921875000000001 0.6890625 0.1921875000000001 0.6890625000000001 1 0.8015625 1