3 0.18281250000000004 0.4125 0.12500000000000006 0.4125 0.12500000000000006 0.4984375 0.18281250000000004 0.4984375
3 0.30937500000000007 0.3046875 0.2421875 0.3046875 0.24218750000000006 0.3953125 0.30937500000000007 0.3953125
3 0.4296875 0.36406250000000007 0.37968750000000007 0.36406250000000007 0.37968750000000007 0.4234375 0.4296875 0.4234375
3 0.6125 0.09687500000000007 0.5578125 0.09687500000000007 0.5578125 0.1703125000000001 0.6125 0.1703125000000001
3 0.6953125 0.3125000000000001 0.640625 0.3125000000000001 0.640625 0.3703125000000001 0.6953125 0.3703125000000001
3 0.8359375 0.2500000000000001 0.771875 0.2500000000000001 0.771875 0.3468750000000001 0.8359375 0.3468750000000001
1 0.9484375 0.7984375000000001 0.890625 0.7984375000000001 0.890625 0.903125 0.9484375 0.903125
1 0.7875000000000002 0.7390625000000002 0.7375000000000002 0.7390625000000002 0.7375000000000002 0.8375 0.7875000000000002 0.8375
1 0.5578125 0.4984375 0.5171875 0.4984375 0.5171875 0.5640625 0.5578125 0.5640625
1 0.5546875 0.34843750000000007 0.51875 0.34843750000000007 0.51875 0.428125 0.5546875 0.428125
1 0.546875 0.4109375 0.5046875 0.4109375 0.5046875 0.475 0.546875 0.475
1 0.55 0.4546875 0.5109375 0.4546875 0.5109375 0.5140625 0.55 0.5140625
1 0.515625 0.4609375 0.475 0.4609375 0.475 0.5515625 0.515625 0.5515625
1 0.471875 0.55 0.434375 0.55 0.434375 0.6109375 0.471875 0.6109375
1 0.06250000000000004 0.3359375 0.02031250000000004 0.3359375 0.020312500000000046 0.4515625 0.06250000000000004 0.4515625
1 0.37187500000000007 0.796875 0.3296875000000001 0.796875 0.3296875000000001 0.8515625 0.37187500000000007 0.8515625