3 0.2453125 0.17187500000000006 0.1984375 0.17187500000000006 0.19843750000000002 0.2484375 0.2453125 0.2484375
3 0.496875 0.2390625000000001 0.421875 0.2390625000000001 0.421875 0.2718750000000001 0.496875 0.2718750000000001
3 0.596875 0.17812500000000006 0.521875 0.17812500000000003 0.521875 0.2796875000000001 0.596875 0.2796875000000001
3 0.88125 0.1984375000000001 0.7953125 0.1984375000000001 0.7953125 0.2796875000000001 0.88125 0.2796875000000001
1 0.18125000000000008 0.478125 0.12968750000000004 0.478125 0.12968750000000007 0.5609375 0.18125000000000008 0.5609375
1 0.3625000000000001 0.465625 0.2765625000000001 0.465625 0.2765625000000001 0.5953125 0.3625000000000001 0.5953125
1 0.6484375 0.528125 0.5921875 0.528125 0.5921875 0.634375 0.6484375 0.634375
1 0.525 0.525 0.44375 0.525 0.44375 0.671875 0.525 0.671875
1 0.815625 0.4593750000000002 0.7296875 0.4593750000000002 0.7296875 0.5687500000000002 0.815625 0.5687500000000002
1 0.93125 0.4671875000000002 0.8828125 0.4671875000000002 0.8828125 0.5484375000000001 0.93125 0.5484375000000001
0 0.36406250000000007 0.08906250000000003 0.14375 0.08906250000000002 0.14375000000000007 0.928125 0.36406250000000007 0.928125
0 0.5234375 0.07812500000000006 0.3625 0.07812500000000004 0.36250000000000004 0.7203125 0.5234375 0.7203125
0 0.6578125000000001 0.09218750000000006 0.446875 0.09218750000000005 0.4468750000000001 1 0.6578125000000001 1
0 0.9578125 0.0750000000000001 0.7515625 0.0750000000000001 0.7515625000000001 0.9 0.9578125 0.9