3 0.012500000000000063 0.490625 6.008423358316702e-17 0.490625 6.31458505810354e-17 0.540625 0.012500000000000067 0.540625
3 0.04843750000000006 0.4484375 0.031250000000000056 0.4484375 0.031250000000000056 0.49375 0.04843750000000006 0.49375
3 0.3296875 0.259375 0.271875 0.259375 0.27187500000000003 0.378125 0.3296875000000001 0.378125
3 0.5890625 0.4109375 0.54375 0.4109375 0.54375 0.4875 0.5890625 0.4875
3 0.81875 0.36406250000000007 0.7796875 0.36406250000000007 0.7796875 0.4156250000000002 0.81875 0.4156250000000002
1 0.3734375000000001 0.803125 0.3187500000000001 0.803125 0.3187500000000001 0.9078125 0.3734375000000001 0.9078125
1 0.5031250000000002 0.7328125 0.46093750000000017 0.7328125 0.46093750000000017 0.7734375 0.5031250000000002 0.7734375
1 0.5703125000000002 0.7375 0.5031250000000002 0.7375 0.5031250000000002 0.840625 0.5703125000000002 0.840625
1 0.6812500000000001 0.9484375 0.6296875000000002 0.9484375 0.6296875000000002 0.9984375 0.6812500000000001 0.9984375
1 0.9484375 0.8640625 0.890625 0.8640625 0.890625 0.9953125 0.9484375 0.9953125
1 0.7671875000000001 0.7890625000000002 0.7281250000000001 0.7890625000000002 0.7281250000000001 0.9109375 0.7671875000000001 0.9109375
2 0.3515625 0.2296875 0.2671875 0.2296875 0.2671875 0.3296875 0.3515625 0.3296875
2 0.6 0.3828125000000001 0.5375 0.3828125000000001 0.5375 0.4328125 0.6 0.4328125
2 0.81875 0.3265625000000001 0.765625 0.3265625000000001 0.765625 0.37187500000000007 0.81875 0.37187500000000007
0 0.34843750000000007 0.14218750000000002 0.1125 0.1421875 0.11250000000000007 0.9984375 0.34843750000000007 0.9984375
0 0.10937500000000008 0.371875 0.006250000000000045 0.371875 0.006250000000000084 0.99375 0.10937500000000014 0.99375
0 0.6625000000000001 0.471875 0.4640625 0.471875 0.4640625000000001 0.9953125 0.6625000000000002 0.9953125
0 0.9671875 0.22656250000000008 0.725 0.22656250000000008 0.7250000000000001 0.99375 0.9671875 0.99375