3 0.271875 0.16406250000000003 0.1390625 0.1640625 0.13906250000000003 0.3125 0.271875 0.3125
3 0.5015625 0.18281250000000004 0.4125 0.18281250000000004 0.4125 0.2609375000000001 0.5015625 0.2609375000000001
3 0.6234375 0.17500000000000007 0.5265625 0.17500000000000004 0.5265625 0.2718750000000001 0.6234375 0.2718750000000001
2 0.2234375 0.11406250000000002 0.1328125 0.1140625 0.13281250000000003 0.2 0.2234375 0.2
2 0.646875 0.15625000000000006 0.540625 0.15625000000000006 0.540625 0.2296875000000001 0.646875 0.2296875000000001
1 0.10468750000000007 0.5375 0.034375000000000065 0.5375 0.03437500000000007 0.6390625 0.10468750000000009 0.6390625
1 0.2546875 0.221875 0.209375 0.221875 0.209375 0.284375 0.2546875 0.284375
1 0.4859375 0.17500000000000004 0.425 0.17500000000000004 0.425 0.31718750000000007 0.4859375 0.31718750000000007
1 0.6578125 0.3906250000000001 0.590625 0.3906250000000001 0.590625 0.515625 0.6578125 0.515625
0 0.3453125 0.10625000000000002 0.03593750000000001 0.10625 0.03593750000000007 0.9984375 0.3453125000000001 0.9984375
0 0.6953125000000001 0.14375000000000007 0.50625 0.14375000000000004 0.5062500000000001 0.9828125 0.6953125000000002 0.9828125
0 0.5406250000000001 0.07968750000000005 0.3390625 0.07968750000000005 0.33906250000000004 0.80625 0.5406250000000001 0.80625
0 0.9171875 0.12343750000000012 0.73125 0.12343750000000009 0.7312500000000001 0.8578125 0.9171875 0.8578125