3 0.665625 0.4 0.6296875 0.4 0.6296875 0.4390625 0.665625 0.4390625
3 0.5484375 0.37187500000000007 0.5125 0.37187500000000007 0.5125 0.3859375000000001 0.5484375 0.3859375000000001
3 0.521875 0.3000000000000001 0.496875 0.3000000000000001 0.496875 0.3312500000000001 0.521875 0.3312500000000001
3 0.7 0.3203125000000001 0.6703125 0.3203125000000001 0.6703125 0.3734375000000001 0.7 0.3734375000000001
3 0.7828125 0.31718750000000007 0.7421875 0.31718750000000007 0.7421875 0.3734375000000001 0.7828125 0.3734375000000001
3 0.85 0.3515625000000001 0.80625 0.3515625000000001 0.80625 0.3984375000000001 0.85 0.3984375000000001
3 0.8359375 0.46093750000000017 0.7796875 0.46093750000000017 0.7796875 0.5250000000000001 0.8359375 0.5250000000000001
3 0.9390625 0.4187500000000002 0.9015625 0.4187500000000002 0.9015625 0.46875000000000017 0.9390625 0.46875000000000017
3 0.615625 0.2562500000000001 0.5890625 0.2562500000000001 0.5890625 0.3031250000000001 0.615625 0.3031250000000001
3 0.5046875 0.27031250000000007 0.4671875 0.27031250000000007 0.4671875 0.3031250000000001 0.5046875 0.3031250000000001
3 0.4078125 0.2640625000000001 0.365625 0.2640625000000001 0.365625 0.2984375000000001 0.4078125 0.2984375000000001
3 0.38125 0.22187500000000004 0.3625 0.221875 0.3625 0.2671875 0.38125 0.2671875000000001
3 0.4625 0.19375000000000003 0.4296875 0.19375000000000003 0.4296875 0.2390625000000001 0.4625 0.2390625000000001
3 0.4859375 0.2078125000000001 0.459375 0.2078125000000001 0.459375 0.2468750000000001 0.4859375 0.2468750000000001
0 0.8640625 0.3984375000000001 0.753125 0.3984375000000001 0.753125 1 0.8640625 1
0 0.9828125 0.2812500000000001 0.865625 0.2812500000000001 0.865625 0.8796875 0.9828125 0.8796875
0 0.7046875000000001 0.30937500000000007 0.5625 0.30937500000000007 0.5625000000000001 0.909375 0.7046875000000001 0.909375
0 0.565625 0.2984375000000001 0.46875 0.2984375000000001 0.4687500000000001 0.73125 0.5656250000000002 0.73125
0 0.45625 0.20468750000000005 0.3296875 0.2046875 0.3296875 0.584375 0.45625 0.584375
0 0.33593750000000006 0.2140625 0.2390625 0.2140625 0.23906250000000004 0.528125 0.3359375000000001 0.528125
0 0.2515625 0.203125 0.17968750000000006 0.203125 0.17968750000000006 0.45 0.2515625000000001 0.45
0 0.20156250000000003 0.1296875 0.1140625 0.1296875 0.11406250000000002 0.3703125 0.2015625000000001 0.3703125