2 0.315625 0.2171875 0.2234375 0.2171875 0.2234375 0.2546875 0.315625 0.2546875
2 0.5328125 0.2078125000000001 0.4390625 0.2078125000000001 0.4390625 0.23593750000000008 0.5328125 0.23593750000000008
2 0.7796875 0.20468750000000008 0.68125 0.20468750000000008 0.68125 0.2375000000000001 0.7796875 0.2375000000000001
3 0.2984375 0.2421875 0.2375 0.2421875 0.2375 0.2671875 0.2984375 0.2671875
3 0.534375 0.2312500000000001 0.4578125 0.2312500000000001 0.4578125 0.2796875000000001 0.534375 0.2796875000000001
3 0.7609375 0.22656250000000008 0.6953125 0.22656250000000008 0.6953125 0.26250000000000007 0.7609375 0.26250000000000007
1 0.221875 0.2625 0.10156250000000004 0.2625 0.10156250000000004 0.3328125 0.221875 0.3328125
1 0.428125 0.30468750000000006 0.3015625 0.3046875 0.3015625 0.35625000000000007 0.428125 0.35625000000000007
1 0.6625 0.2734375000000001 0.5625 0.2734375000000001 0.5625 0.3671875000000001 0.6625 0.3671875000000001
0 0.353125 0.18750000000000003 0.08750000000000002 0.1875 0.08750000000000005 0.8015625 0.3531250000000001 0.8015625
0 0.6265625000000001 0.16406250000000006 0.34375 0.16406250000000006 0.34375000000000006 0.8125 0.6265625000000001 0.8125
0 0.8765625 0.13906250000000006 0.5390625 0.13906250000000003 0.5390625000000001 0.909375 0.8765625 0.909375