3 0.23125 0.09687500000000002 0.15625 0.09687500000000002 0.15625000000000003 0.2109375 0.23125 0.2109375
3 0.571875 0.2390625000000001 0.509375 0.2390625000000001 0.509375 0.3359375000000001 0.571875 0.3359375000000001
3 0.7953125 0.2250000000000001 0.725 0.2250000000000001 0.725 0.32500000000000007 0.7953125 0.32500000000000007
3 0.8484375 0.2562500000000001 0.7984375 0.2562500000000001 0.7984375 0.3750000000000001 0.8484375 0.3750000000000001
3 0.934375 0.28593750000000007 0.9046875 0.28593750000000007 0.9046875 0.3468750000000001 0.934375 0.3468750000000001
1 0.3109375000000001 0.4921875 0.2484375000000001 0.4921875 0.2484375000000001 0.6828125 0.3109375000000001 0.6828125
1 0.63125 0.584375 0.565625 0.584375 0.565625 0.6453125 0.63125 0.6453125
1 0.49375 0.5140625 0.4203125 0.5140625 0.4203125 0.61875 0.49375 0.61875
1 0.803125 0.6500000000000001 0.7265625 0.6500000000000001 0.7265625000000001 0.8609375 0.803125 0.8609375
1 0.9015625 0.5953125000000001 0.8484375 0.5953125000000001 0.8484375 0.7453125000000002 0.9015625 0.7453125000000002
0 0.34062500000000007 0.043750000000000025 0.020312500000000004 0.04375 0.02031250000000006 0.95 0.34062500000000007 0.95
0 0.6203125 0.17187500000000006 0.403125 0.17187500000000006 0.40312500000000007 0.95 0.6203125000000002 0.95
0 0.7812500000000001 0.08906250000000007 0.61875 0.08906250000000007 0.6187500000000001 1 0.7812500000000002 1
0 0.9 0.19687500000000008 0.7671875 0.19687500000000008 0.7671875000000001 1 0.9 1
0 0.96875 0.2078125000000001 0.875 0.2078125000000001 0.875 0.9671875 0.96875 0.9671875