3 0.14375000000000004 0.328125 0.08125000000000004 0.328125 0.08125000000000004 0.4140625 0.14375000000000004 0.4140625
3 0.30781250000000004 0.321875 0.2296875 0.321875 0.22968750000000004 0.3890625 0.3078125000000001 0.3890625
3 0.51875 0.3234375000000001 0.4640625 0.3234375000000001 0.4640625 0.3859375000000001 0.51875 0.3859375000000001
1 0.2718750000000001 0.540625 0.2062500000000001 0.540625 0.2062500000000001 0.6015625 0.2718750000000001 0.6015625
1 0.1593750000000001 0.6046875 0.1281250000000001 0.6046875 0.1281250000000001 0.6203125 0.1593750000000001 0.6203125
1 0.20468750000000008 0.60625 0.1531250000000001 0.60625 0.1531250000000001 0.6703125 0.20468750000000008 0.6703125
1 0.3625000000000001 0.4953125 0.3125000000000001 0.4953125 0.3125000000000001 0.55625 0.3625000000000001 0.55625
1 0.421875 0.5078125 0.35625000000000007 0.5078125 0.35625000000000007 0.5890625 0.421875 0.5890625
0 0.17656250000000007 0.3421875 4.190588265832349e-17 0.3421875 6.965178670150572e-17 0.7953125 0.1765625000000001 0.7953125
0 0.5296875 0.3437500000000001 0.4046875 0.3437500000000001 0.4046875 0.5140625 0.5296875 0.5140625
2 0.50625 0.2828125000000001 0.425 0.2828125000000001 0.425 0.3375000000000001 0.50625 0.3375000000000001