1 0.2765625000000001 0.5375 0.2390625000000001 0.5375 0.2390625000000001 0.6328125 0.2765625000000001 0.6328125
1 0.07812500000000004 0.29375 0.03750000000000003 0.29375 0.03750000000000004 0.359375 0.07812500000000004 0.359375
1 0.715625 0.496875 0.678125 0.496875 0.678125 0.5734375 0.715625 0.5734375
1 0.53125 0.553125 0.50625 0.553125 0.50625 0.615625 0.53125 0.615625
1 0.415625 0.45625 0.3859375000000001 0.45625 0.3859375000000001 0.5140625 0.415625 0.5140625
3 0.16718750000000002 0.171875 0.11875 0.171875 0.11875000000000002 0.2328125 0.16718750000000004 0.2328125
3 0.4953125 0.19531250000000006 0.459375 0.19531250000000006 0.459375 0.2468750000000001 0.4953125 0.2468750000000001
3 0.609375 0.2250000000000001 0.5734375 0.2250000000000001 0.5734375 0.2750000000000001 0.609375 0.2750000000000001
2 0.6109375 0.20312500000000008 0.5671875 0.20312500000000008 0.5671875 0.2312500000000001 0.6109375 0.2312500000000001
0 0.28125000000000006 0.09375000000000003 0.02031250000000001 0.09375 0.020312500000000063 0.934375 0.2812500000000001 0.934375
0 0.7234375000000001 0.14687500000000006 0.50625 0.14687500000000003 0.5062500000000001 0.9125 0.7234375000000002 0.9125