2 0.2421875 0.16875 0.1671875 0.16875 0.16718750000000002 0.23125 0.2421875 0.23125
2 0.4015625 0.07343750000000004 0.3484375 0.07343750000000004 0.3484375 0.11875000000000005 0.4015625 0.11875000000000005
2 0.6265625 0.09843750000000007 0.5671875 0.09843750000000007 0.5671875 0.15781250000000008 0.6265625 0.15781250000000008
2 0.915625 0.10000000000000012 0.8859375 0.10000000000000009 0.8859375 0.1500000000000001 0.915625 0.15000000000000013
3 0.24375 0.2234375 0.17031250000000003 0.2234375 0.17031250000000003 0.3078125 0.24375 0.3078125
3 0.403125 0.11406250000000004 0.35 0.11406250000000004 0.35 0.19531250000000006 0.403125 0.19531250000000006
3 0.628125 0.1359375000000001 0.5703125 0.1359375000000001 0.5703125 0.2156250000000001 0.628125 0.2156250000000001
3 0.91875 0.14531250000000012 0.875 0.1453125000000001 0.875 0.25468750000000007 0.91875 0.25468750000000007
1 0.0968750000000001 0.803125 0.05625000000000009 0.803125 0.0562500000000001 0.9828125 0.09687500000000011 0.9828125
1 0.3375000000000001 0.83125 0.2890625000000001 0.83125 0.2890625000000001 0.99375 0.3375000000000001 0.99375
1 0.45625 0.45 0.4109375 0.45 0.4109375 0.565625 0.45625 0.565625
1 0.6375 0.3453125000000001 0.5703125 0.3453125000000001 0.5703125 0.440625 0.6375 0.440625
1 0.7265625000000002 0.9203125 0.6718750000000002 0.9203125 0.6718750000000002 0.9953125 0.7265625000000002 0.9953125
1 0.9875 0.7109375000000002 0.925 0.7109375000000002 0.925 0.7937500000000002 0.9875 0.7937500000000002
0 0.32031250000000006 0.04843750000000003 0.0578125 0.04843750000000001 0.05781250000000006 0.9953125 0.3203125000000001 0.9953125
0 0.4796875000000001 0.0031250000000000453 0.265625 0.003125000000000032 0.26562500000000006 0.9953125 0.47968750000000016 0.9953125
0 0.6671875 0.01562500000000007 0.475 0.015625000000000056 0.4750000000000001 0.9984375 0.6671875000000002 0.9984375
0 0.990625 0.0078125000000001 0.65625 0.00781250000000008 0.6562500000000001 0.9921875 0.990625 0.9921875