1 0.22656250000000008 0.575 0.1593750000000001 0.575 0.1593750000000001 0.665625 0.22656250000000008 0.665625
1 0.3062500000000001 0.8421875 0.22812500000000008 0.8421875 0.22812500000000008 0.953125 0.3062500000000001 0.953125
1 0.55625 0.5546875 0.4671875 0.5546875 0.4671875 0.646875 0.55625 0.646875
1 0.84375 0.39531250000000007 0.8015625 0.39531250000000007 0.8015625 0.4515625000000002 0.84375 0.4515625000000002
1 0.9046875 0.3750000000000001 0.8375 0.3750000000000001 0.8375 0.45625000000000016 0.9046875 0.45625000000000016
3 0.7296875 0.15781250000000008 0.6765625 0.15781250000000008 0.6765625 0.2406250000000001 0.7296875 0.2406250000000001
3 0.14531250000000004 0.2203125 0.05468750000000002 0.2203125 0.054687500000000035 0.309375 0.14531250000000004 0.309375
3 0.478125 0.3109375000000001 0.371875 0.3109375000000001 0.37187500000000007 0.4046875 0.478125 0.4046875
3 0.9484375 0.2015625000000001 0.884375 0.2015625000000001 0.884375 0.2578125000000001 0.9484375 0.2578125000000001
0 0.31250000000000006 0.07812500000000003 0.004687500000000009 0.078125 0.004687500000000066 1 0.3125000000000001 1
0 0.6765625000000001 0.14531250000000007 0.26875 0.14531250000000004 0.26875000000000004 0.99375 0.6765625000000002 0.99375
0 0.83125 0.05312500000000009 0.578125 0.05312500000000007 0.5781250000000001 0.9 0.83125 0.9
0 0.9953125 0.0781250000000001 0.7734375 0.07812500000000008 0.7734375000000001 0.990625 0.9953125 0.990625