3 0.3593750000000001 0.4359375 0.32500000000000007 0.4359375 0.32500000000000007 0.478125 0.3593750000000001 0.478125
1 0.2953125000000001 0.728125 0.2578125000000001 0.728125 0.2578125000000001 0.8125 0.2953125000000001 0.8125
1 0.42187500000000017 0.734375 0.38750000000000007 0.734375 0.38750000000000007 0.815625 0.42187500000000017 0.815625
1 0.5734375 0.5234375 0.55625 0.5234375 0.55625 0.553125 0.5734375 0.553125
1 0.64375 0.534375 0.63125 0.534375 0.63125 0.5609375 0.64375 0.5609375
1 0.7609375 0.45312500000000017 0.75 0.45312500000000017 0.75 0.4703125000000002 0.7609375 0.4703125000000002
3 0.6125 0.37968750000000007 0.5921875 0.37968750000000007 0.5921875 0.409375 0.6125 0.409375
3 0.7390625 0.3546875000000001 0.728125 0.3546875000000001 0.728125 0.3734375000000001 0.7390625 0.3734375000000001
0 0.4390625000000001 0.37343750000000003 0.2562500000000001 0.3734375 0.2562500000000001 0.99375 0.4390625000000002 0.99375
0 0.65 0.34843750000000007 0.55625 0.34843750000000007 0.55625 0.7046875 0.65 0.7046875
0 0.7609375 0.3343750000000001 0.7078125 0.3343750000000001 0.7078125 0.5562500000000001 0.7609375 0.5562500000000001