3 0.2265625 0.228125 0.17500000000000004 0.228125 0.17500000000000004 0.296875 0.2265625 0.296875
3 0.603125 0.3156250000000001 0.5625 0.3156250000000001 0.5625 0.3671875000000001 0.603125 0.3671875000000001
3 0.7046875 0.33281250000000007 0.65625 0.33281250000000007 0.65625 0.37968750000000007 0.7046875 0.37968750000000007
3 0.828125 0.2765625000000001 0.7875 0.2765625000000001 0.7875 0.32500000000000007 0.828125 0.32500000000000007
1 0.1359375000000001 0.5625 0.09687500000000007 0.5625 0.09687500000000007 0.665625 0.1359375000000001 0.665625
1 0.3234375000000001 0.5671875 0.2968750000000001 0.5671875 0.2968750000000001 0.6546875 0.3234375000000001 0.6546875
1 0.528125 0.6078125 0.4984375 0.6078125 0.4984375 0.675 0.528125 0.675
1 0.703125 0.6140625 0.66875 0.6140625 0.66875 0.671875 0.703125 0.671875
1 0.7453125 0.5890625 0.715625 0.5890625 0.715625 0.6703125000000001 0.7453125 0.6703125000000002
1 0.896875 0.6062500000000002 0.859375 0.6062500000000002 0.859375 0.6593750000000002 0.896875 0.6593750000000002
3 0.5109375 0.37968750000000007 0.471875 0.37968750000000007 0.471875 0.41875 0.5109375 0.41875
0 0.32500000000000007 0.153125 0.09843750000000002 0.153125 0.09843750000000007 0.9953125 0.32500000000000007 0.9953125
0 0.6921875000000001 0.2484375000000001 0.4890625 0.2484375000000001 0.48906250000000007 0.975 0.6921875000000002 0.975
0 0.7390625 0.2656250000000001 0.6390625 0.2656250000000001 0.6390625 0.4828125000000001 0.7390625 0.4828125000000002
0 0.909375 0.2078125000000001 0.7125 0.2078125000000001 0.7125000000000001 0.9671875 0.909375 0.9671875