2 0.565625 0.546875 0.4296875 0.546875 0.4296875 0.6640625 0.565625 0.6640625
2 0.8625 0.2921875000000001 0.7390625 0.2921875000000001 0.7390625 0.4031250000000002 0.8625 0.4031250000000002
2 0.6078125 0.24218750000000008 0.490625 0.24218750000000008 0.490625 0.3593750000000001 0.6078125 0.3593750000000001
2 0.3921875 0.3375 0.3015625 0.3375 0.30156250000000007 0.4609375 0.3921875000000001 0.4609375
3 0.5375000000000001 0.6265625 0.440625 0.6265625 0.4406250000000001 0.7703125 0.5375000000000002 0.7703125
3 0.840625 0.3656250000000001 0.7578125 0.3656250000000001 0.7578125 0.4390625000000002 0.840625 0.4390625000000002
3 0.5828125 0.30937500000000007 0.490625 0.30937500000000007 0.490625 0.4234375 0.5828125 0.4234375
3 0.3828125000000001 0.4453125 0.3343750000000001 0.4453125 0.3343750000000001 0.5140625 0.3828125000000001 0.5140625
0 0.384375 0.20312500000000006 0.003125000000000025 0.203125 0.003125000000000064 0.8359375 0.3843750000000001 0.8359375
0 0.596875 0.446875 0.2968750000000001 0.446875 0.2968750000000001 0.83125 0.5968750000000002 0.83125
0 0.71875 0.13750000000000007 0.3125 0.13750000000000004 0.31250000000000006 0.7125 0.71875 0.7125
0 0.9984375 0.13125000000000012 0.6890625 0.1312500000000001 0.6890625 0.7000000000000001 0.9984375 0.7000000000000002