3 0.30468750000000006 0.2203125 0.2203125 0.2203125 0.22031250000000005 0.390625 0.3046875000000001 0.390625
3 0.4953125 0.2468750000000001 0.4265625 0.2468750000000001 0.4265625 0.3625000000000001 0.4953125 0.3625000000000001
3 0.7171875 0.3359375000000001 0.6734375 0.3359375000000001 0.6734375 0.4171875 0.7171875 0.4171875
3 0.946875 0.3734375000000001 0.878125 0.3734375000000001 0.878125 0.4625000000000002 0.946875 0.4625000000000002
2 0.50625 0.2250000000000001 0.4296875 0.2250000000000001 0.4296875 0.2968750000000001 0.50625 0.2968750000000001
2 0.9515625 0.3234375000000001 0.8671875 0.3234375000000001 0.8671875 0.4234375000000002 0.9515625 0.4234375000000002
1 0.4484375 0.4296875 0.2906250000000001 0.4296875 0.2906250000000001 0.64375 0.4484375 0.64375
1 0.5 0.528125 0.4 0.528125 0.4 0.6875 0.5 0.6875
1 0.51875 0.6265625 0.4375 0.6265625 0.4375000000000001 0.796875 0.5187500000000002 0.796875
0 0.39843750000000006 2.4397260451763683e-17 0 0 6.056261123908395e-17 0.9890625 0.3984375000000001 0.9890625
0 0.5687500000000001 0.11093750000000006 0.359375 0.11093750000000005 0.35937500000000006 0.984375 0.5687500000000002 0.984375
0 0.996875 0.11562500000000009 0.4921875 0.11562500000000005 0.4921875000000001 0.9890625 0.996875 0.9890625
0 0.9984375 0.2250000000000001 0.8734375 0.2250000000000001 0.8734375 0.6703125000000002 0.9984375 0.6703125000000002