2 0.2734375 0.2390625 0.203125 0.2390625 0.203125 0.3109375 0.2734375 0.3109375
2 0.3671875 0.17343750000000005 0.2828125 0.17343750000000005 0.2828125 0.23593750000000005 0.3671875 0.23593750000000008
2 0.478125 0.30937500000000007 0.396875 0.30937500000000007 0.39687500000000003 0.3734375000000001 0.478125 0.3734375000000001
3 0.478125 0.3546875000000001 0.4046875 0.3546875000000001 0.4046875 0.4484375 0.478125 0.4484375
3 0.3640625 0.20625000000000004 0.2921875 0.20625 0.2921875 0.31562500000000004 0.3640625 0.3156250000000001
3 0.25625000000000003 0.2859375 0.19687500000000005 0.2859375 0.19687500000000005 0.4046875 0.2562500000000001 0.4046875
1 0.27812500000000007 0.5484375 0.1859375000000001 0.5484375 0.1859375000000001 0.71875 0.27812500000000007 0.71875
1 0.4109375000000002 0.7703125 0.3359375000000001 0.7703125 0.3359375000000001 0.8875 0.4109375000000002 0.8875
0 0.30781250000000004 0.11562500000000002 0.017187500000000015 0.115625 0.01718750000000007 0.996875 0.3078125000000001 0.996875
0 0.39062500000000006 0.056250000000000036 0.246875 0.05625000000000002 0.24687500000000004 0.4515625 0.3906250000000001 0.4515625
0 0.6484375000000001 0.17656250000000007 0.3859375 0.17656250000000004 0.38593750000000004 0.9984375 0.6484375000000002 0.9984375
3 0.7921875 0.47187500000000016 0.7390625 0.47187500000000016 0.7390625 0.5515625000000002 0.7921875 0.5515625000000002