1 0.7921875000000002 0.8171875 0.7171875000000002 0.8171875 0.7171875000000002 0.940625 0.7921875000000002 0.940625
1 0.3843750000000001 0.5296875 0.2765625000000001 0.5296875 0.2765625000000001 0.7 0.3843750000000001 0.7
1 0.5390625 0.3656250000000001 0.48125 0.3656250000000001 0.48125 0.4671875 0.5390625 0.4671875
1 0.8046875 0.21250000000000008 0.7484375 0.21250000000000008 0.7484375 0.3078125000000001 0.8046875 0.3078125000000001
1 0.7421875 0.2609375000000001 0.7125 0.2609375000000001 0.7125 0.3437500000000001 0.7421875 0.3437500000000001
1 0.6140625 0.2218750000000001 0.571875 0.2218750000000001 0.571875 0.2953125000000001 0.6140625 0.2953125000000001
1 0.6484375 0.3000000000000001 0.6109375 0.3000000000000001 0.6109375 0.3343750000000001 0.6484375 0.3343750000000001
3 0.6375000000000001 0.7171875 0.5515625 0.7171875 0.5515625000000001 0.8078125 0.6375000000000002 0.8078125
3 0.228125 0.05312500000000002 0.11875 0.05312500000000002 0.11875000000000002 0.19062500000000002 0.228125 0.19062500000000004
3 0.440625 0.14218750000000005 0.3609375 0.14218750000000005 0.3609375 0.23281250000000003 0.440625 0.2328125000000001
3 0.646875 0.1375000000000001 0.6 0.1375000000000001 0.6 0.1906250000000001 0.646875 0.1906250000000001
3 0.7875 0.10000000000000009 0.7375 0.10000000000000009 0.7375 0.1625000000000001 0.7875 0.1625000000000001
3 0.6046875 0.425 0.55625 0.425 0.55625 0.5 0.6046875 0.5
0 0.28437500000000004 0.17500000000000002 2.143131898507868e-17 0.175 7.11825952004399e-17 0.9875 0.2843750000000001 0.9875
0 0.4828125000000001 0.21093750000000006 0.246875 0.2109375 0.24687500000000004 0.9984375 0.4828125000000002 0.9984375
0 0.8 0.7671875000000001 0.4312500000000002 0.7671875 0.4312500000000002 0.9953125 0.8 0.9953125
0 0.8734375 0.1531250000000001 0.6921875 0.1531250000000001 0.6921875 0.6375000000000001 0.8734375 0.6375000000000002
0 0.6984375 0.19375000000000006 0.525 0.19375000000000003 0.525 0.3234375000000001 0.6984375 0.3234375000000001