2 0.32343750000000004 0.346875 0.2234375 0.346875 0.22343750000000004 0.45625 0.3234375000000001 0.45625
2 0.571875 0.3343750000000001 0.453125 0.3343750000000001 0.453125 0.4328125 0.571875 0.4328125
2 0.8453125 0.3390625000000001 0.7765625 0.3390625000000001 0.7765625 0.4109375000000002 0.8453125 0.4109375000000002
3 0.3062500000000001 0.4359375 0.17812500000000003 0.4359375 0.17812500000000006 0.65625 0.3062500000000001 0.65625
3 0.5578125 0.41875 0.4515625 0.41875 0.4515625 0.55625 0.5578125 0.55625
3 0.803125 0.3984375000000001 0.740625 0.3984375000000001 0.740625 0.4828125000000002 0.803125 0.4828125000000002
1 0.7234375 0.48125 0.58125 0.48125 0.58125 0.6609375 0.7234375 0.6609375
1 0.890625 0.4937500000000002 0.8046875 0.4937500000000002 0.8046875 0.6296875000000002 0.890625 0.6296875000000002
1 0.9109375 0.5796875000000001 0.853125 0.5796875000000001 0.853125 0.6984375000000002 0.9109375 0.6984375000000002
0 0.32031250000000006 0.12656250000000002 1.549943605170869e-17 0.1265625 6.869503138967185e-17 0.9953125 0.3203125000000001 0.9953125
0 0.659375 0.27187500000000003 0.3203125 0.271875 0.32031250000000006 0.99375 0.6593750000000002 0.99375
0 0.853125 0.2468750000000001 0.609375 0.2468750000000001 0.6093750000000001 0.990625 0.853125 0.990625