2 0.85 0.21875000000000008 0.76875 0.21875000000000008 0.76875 0.2828125000000001 0.85 0.2828125000000001
2 0.7265625 0.21250000000000008 0.65 0.21250000000000008 0.65 0.2687500000000001 0.7265625 0.2687500000000001
2 0.5625 0.2578125000000001 0.496875 0.2578125000000001 0.496875 0.3125000000000001 0.5625 0.3125000000000001
2 0.4890625 0.2250000000000001 0.4296875 0.2250000000000001 0.4296875 0.29375000000000007 0.4890625 0.29375000000000007
2 0.40625 0.23281250000000003 0.3359375 0.2328125 0.3359375 0.29375000000000007 0.40625 0.29375000000000007
2 0.3 0.2265625 0.2203125 0.2265625 0.2203125 0.26875 0.3 0.26875
3 0.2984375 0.253125 0.234375 0.253125 0.234375 0.3140625 0.2984375 0.3140625
3 0.3953125 0.2828125 0.3515625 0.2828125 0.3515625 0.33906250000000004 0.3953125 0.3390625000000001
3 0.4796875 0.2640625000000001 0.434375 0.2640625000000001 0.434375 0.3078125000000001 0.4796875 0.3078125000000001
3 0.559375 0.3000000000000001 0.5078125 0.3000000000000001 0.5078125 0.3437500000000001 0.559375 0.3437500000000001
3 0.71875 0.2453125000000001 0.6609375 0.2453125000000001 0.6609375 0.29375000000000007 0.71875 0.29375000000000007
3 0.8390625 0.2531250000000001 0.7875 0.2531250000000001 0.7875 0.30156250000000007 0.8390625 0.30156250000000007
3 0.16406250000000006 0.21875 0.12031250000000004 0.21875 0.12031250000000004 0.25625 0.16406250000000006 0.25625
1 0.23437500000000008 0.646875 0.17968750000000008 0.646875 0.17968750000000008 0.7984375 0.23437500000000008 0.7984375
1 0.44375 0.621875 0.3781250000000001 0.621875 0.3781250000000001 0.7171875 0.44375 0.7171875
1 0.4546875 0.621875 0.3890625000000001 0.621875 0.3890625000000001 0.6921875 0.4546875 0.6921875
1 0.6156250000000001 0.6421875 0.559375 0.6421875 0.5593750000000001 0.7671875 0.6156250000000002 0.7671875
1 0.8671875 0.7156250000000002 0.7859375 0.7156250000000002 0.7859375000000001 0.8734375 0.8671875 0.8734375
1 0.675 0.5015625 0.621875 0.5015625 0.621875 0.6015625 0.675 0.6015625
1 0.7359375 0.42656250000000007 0.6265625 0.4265625 0.6265625 0.5078125000000001 0.7359375 0.5078125000000002
0 0.2984375 0.15468750000000003 0.1390625 0.1546875 0.13906250000000006 0.9921875 0.2984375000000001 0.9921875
0 0.4546875000000001 0.17968750000000006 0.240625 0.17968750000000006 0.24062500000000003 0.9921875 0.4546875000000002 0.9921875
0 0.5140625 0.17343750000000005 0.3984375 0.17343750000000005 0.39843750000000006 0.49375 0.5140625 0.49375
0 0.6234375000000001 0.19375000000000006 0.4890625 0.19375000000000003 0.48906250000000007 0.9921875 0.6234375000000002 0.9921875
0 0.7406250000000001 0.14218750000000008 0.6125 0.14218750000000008 0.6125 0.9984375 0.7406250000000002 0.9984375
0 0.9421875 0.1343750000000001 0.73125 0.13437500000000008 0.7312500000000001 0.99375 0.9421875 0.99375