2 0.4453125 0.20156250000000003 0.3609375 0.2015625 0.3609375 0.27656250000000004 0.4453125 0.2765625000000001
2 0.5609375 0.2765625000000001 0.4828125 0.2765625000000001 0.4828125 0.3296875000000001 0.5609375 0.3296875000000001
2 0.7296875 0.2562500000000001 0.646875 0.2562500000000001 0.646875 0.3531250000000001 0.7296875 0.3531250000000001
3 0.4328125 0.16250000000000003 0.36875 0.16250000000000003 0.36875 0.20468750000000008 0.4328125 0.20468750000000008
3 0.5546875 0.18593750000000006 0.4875 0.18593750000000003 0.4875 0.2812500000000001 0.5546875 0.2812500000000001
3 0.7375 0.1843750000000001 0.6671875 0.1843750000000001 0.6671875 0.30156250000000007 0.7375 0.30156250000000007
1 0.28593750000000007 0.825 0.2250000000000001 0.825 0.2250000000000001 0.996875 0.28593750000000007 0.996875
1 0.6046875000000002 0.8 0.5640625000000001 0.8 0.5640625000000001 0.9453125 0.6046875000000002 0.9453125
1 0.7656250000000002 0.8703125 0.7031250000000002 0.8703125 0.7031250000000002 0.9953125 0.7656250000000002 0.9953125
0 0.4546875000000001 4.11404784088564e-17 0.2171875 2.659779766898158e-17 0.21718750000000003 0.99375 0.4546875000000002 0.99375
0 0.6203125 0.042187500000000065 0.4578125 0.04218750000000006 0.45781250000000007 0.984375 0.6203125000000002 0.984375
0 0.84375 0.042187500000000086 0.5640625 0.042187500000000065 0.5640625000000001 0.9953125 0.84375 0.9953125